0.30  -15.029
0.31  -15.101
0.32  -15.167
0.33  -15.227
0.34  -15.28
0.35  -15.326
0.36  -15.366
0.37  -15.4
0.38  -15.427
0.39  -15.448
0.40  -15.462
0.41  -15.469
0.42  -15.516
0.43  -15.646
0.44  -15.771
0.45  -15.888
0.46  -16.0
0.47  -16.105
0.48  -16.203
0.49  -16.295
0.50  -16.38
0.53  -16.597
0.56  -16.756
0.59  -16.856
0.62  -16.898
0.65  -16.882
0.68  -16.807
0.71  -16.674
0.74  -16.482
0.77  -16.232
0.80  -15.924
0.83  -15.557
0.86  -15.842
0.89  -16.157
0.92  -16.413
0.95  -16.611
0.98  -16.751
