0.30  0.20834
0.31  0.068533
0.32  0.037324
0.33  -0.43931
0.34  -0.80734
0.35  -1.0668
0.36  -1.2176
0.37  -1.2598
0.38  -1.1934
0.39  -1.0185
0.40  -0.73487
0.41  -1.0909
0.42  -1.3384
0.43  -1.4772
0.44  -1.5075
0.45  -1.4291
0.46  -1.2422
0.47  -0.94662
0.48  -0.54246
0.49  -0.88567
0.50  -1.1203
0.53  -1.1724
0.56  -0.24721
0.59  -0.99636
0.62  -0.76811
0.65  -0.44413
0.68  -0.90615
0.71  -0.39075
0.74  -0.64844
0.77  -0.80396
0.80  0.01794
0.83  -0.79616
0.86  -0.63284
0.89  -0.36143
0.92  -0.85127
0.95  -0.36368
0.98  -0.63621
