0.30  0.55977
0.31  -0.037442
0.32  -0.53071
0.33  -0.92006
0.34  -1.2055
0.35  -1.387
0.36  -1.4645
0.37  -1.4381
0.38  -1.3078
0.39  -1.0736
0.40  -0.7354
0.41  -1.1758
0.42  -1.5122
0.43  -1.7448
0.44  -1.8734
0.45  -1.898
0.46  -1.8188
0.47  -1.6356
0.48  -1.3484
0.49  -0.95738
0.50  -0.46239
0.53  -1.4583
0.56  -1.5188
0.59  -0.6439
0.62  -0.94963
0.65  -1.378
0.68  -0.87095
0.71  -0.47788
0.74  -1.2482
0.77  -1.083
0.80  0.017457
0.83  -1.0736
0.86  -1.2294
0.89  -0.44972
0.92  -0.81419
0.95  -1.283
0.98  -0.81652
