0.30  0.20011
0.32  -0.20069
0.34  -0.49459
0.36  -1.0197
0.38  -1.0998
0.40  -0.73487
0.42  -1.212
0.44  -1.2441
0.46  -0.83124
0.48  -0.93834
0.50  -1.0829
0.52  -0.78252
0.54  -0.53841
0.56  -0.85191
0.58  -0.72041
0.60  -0.14391
0.62  -0.63206
0.64  -0.6752
0.66  -0.27334
0.68  -0.42716
0.70  -0.63634
0.72  -0.4005
0.74  -0.21716
0.76  -0.5838
0.78  -0.50543
0.80  0.017937
0.82  -0.5008
0.84  -0.57454
0.86  -0.20327
0.88  -0.37664
0.90  -0.59982
0.92  -0.378
0.94  -0.20564
0.96  -0.57723
0.98  -0.5038
