0.30  0.53849
0.31  0.10973
0.32  -0.2552
0.33  -0.50775
0.34  -0.64791
0.35  -0.67571
0.36  -0.59111
0.37  -0.84029
0.38  -1.0525
0.39  -1.1523
0.40  -1.1398
0.41  -1.0148
0.42  -0.7775
0.43  -0.94251
0.44  -1.0996
0.45  -1.1443
0.46  -1.0766
0.47  -0.8965
0.48  -0.60405
0.49  -0.7405
0.50  -0.89384
0.53  -0.67958
0.56  -0.68025
0.59  -0.50641
0.62  -0.53287
0.65  -0.40277
0.68  -0.4501
0.71  -0.35288
0.74  -0.41036
0.77  -0.33512
0.80  -0.39401
0.83  -0.33337
0.86  -0.38824
0.89  -0.33813
0.92  -0.38616
0.95  -0.34469
0.98  -0.38467
