0.30  0.39999
0.32  -0.2701
0.34  -0.48928
0.36  -0.79481
0.38  -1.0748
0.40  -0.9038
0.42  -1.0385
0.44  -1.1275
0.46  -0.76562
0.48  -0.90491
0.50  -0.92056
0.52  -0.4853
0.54  -0.70942
0.56  -0.69853
0.58  -0.23673
0.60  -0.56575
0.62  -0.53699
0.64  -0.088238
0.66  -0.48734
0.68  -0.43555
0.70  -0.086603
0.72  -0.45537
0.74  -0.37323
0.76  -0.11579
0.78  -0.44862
0.80  -0.33055
0.82  -0.15863
0.84  -0.45211
0.86  -0.29469
0.88  -0.2049
0.90  -0.45726
0.92  -0.25872
0.94  -0.24946
0.96  -0.45994
0.98  -0.21952
