0.30  0.55977
0.32  -0.53071
0.34  -1.2055
0.36  -1.4645
0.38  -1.3078
0.40  -0.7354
0.42  -1.5122
0.44  -1.8734
0.46  -1.8188
0.48  -1.3484
0.50  -0.46239
0.52  -1.2302
0.54  -1.5824
0.56  -1.5188
0.58  -1.0395
0.60  -0.14442
0.62  -0.94963
0.64  -1.3391
0.66  -1.3129
0.68  -0.87095
0.70  -0.013264
0.72  -0.83857
0.74  -1.2482
0.76  -1.242
0.78  -0.82014
0.80  0.017457
0.82  -0.81388
0.84  -1.2295
0.86  -1.2294
0.88  -0.81353
0.90  0.01803
0.92  -0.81419
0.94  -1.2307
0.96  -1.2315
0.98  -0.81652
