0.30  0.19909
0.31  -0.29827
0.32  -0.92239
0.33  -1.459
0.34  -1.9082
0.35  -2.2699
0.36  -2.5441
0.37  -2.7308
0.38  -2.8301
0.39  -2.8419
0.40  -2.7662
0.41  -2.603
0.42  -2.3523
0.43  -2.0142
0.44  -1.5886
0.45  -1.0755
0.46  -1.1459
0.47  -1.688
0.48  -2.1427
0.49  -2.5098
0.50  -2.7895
0.53  -3.1037
0.56  -2.6306
0.59  -1.3702
0.62  -1.193
0.65  -2.3837
0.68  -2.7871
0.71  -2.4032
0.74  -1.232
0.77  -0.93839
0.80  -2.2127
0.83  -2.6997
0.86  -2.3995
0.89  -1.3119
0.92  -0.87914
0.95  -2.1828
0.98  -2.6992
