0.30  0.42284
0.31  0.17245
0.32  0.037324
0.33  -0.28419
0.34  -0.49044
0.35  -0.58144
0.36  -0.55718
0.37  -0.77449
0.38  -0.87653
0.39  -0.86333
0.40  -0.73487
0.41  -0.89541
0.42  -0.9407
0.43  -0.87073
0.44  -0.68551
0.45  -0.82263
0.46  -0.84449
0.47  -0.75111
0.48  -0.54246
0.49  -0.67572
0.50  -0.69373
0.53  -0.52267
0.56  -0.24721
0.59  -0.34262
0.62  -0.33892
0.65  -0.23455
0.68  -0.027936
0.71  -0.18117
0.74  -0.22541
0.77  -0.15944
0.80  0.017937
0.83  -0.15371
0.86  -0.21119
0.89  -0.15418
0.92  0.017634
0.95  -0.15644
0.98  -0.21517
