0.30  0.5601
0.31  0.24021
0.32  0.037319
0.33  -0.20266
0.34  -0.32565
0.35  -0.49992
0.36  -0.55719
0.37  -0.67963
0.38  -0.68508
0.39  -0.76848
0.40  -0.73487
0.41  -0.79035
0.42  -0.72884
0.43  -0.76568
0.44  -0.68552
0.45  -0.71109
0.46  -0.61966
0.47  -0.63956
0.48  -0.54247
0.49  -0.56077
0.50  -0.46207
0.53  -0.40636
0.56  -0.24721
0.59  -0.22609
0.62  -0.10472
0.65  -0.11878
0.68  -0.027937
0.71  -0.065832
0.74  0.0063248
0.77  -0.044697
0.80  0.017937
0.83  -0.039137
0.86  0.019487
0.89  -0.039776
0.92  0.017634
0.95  -0.042059
0.98  0.015301
