0.30  -16.275
0.31  -16.339
0.32  -16.399
0.33  -16.455
0.34  -16.506
0.35  -16.553
0.36  -16.596
0.37  -16.635
0.38  -16.669
0.39  -16.699
0.40  -16.724
0.41  -16.746
0.42  -16.763
0.43  -16.776
0.44  -16.784
0.45  -16.788
0.46  -16.84
0.47  -16.932
0.48  -17.019
0.49  -17.102
0.50  -17.181
0.53  -17.392
0.56  -17.563
0.59  -17.696
0.62  -17.79
0.65  -17.846
0.68  -17.863
0.71  -17.841
0.74  -17.78
0.77  -17.681
0.80  -17.543
0.83  -17.366
0.86  -17.15
0.89  -16.896
0.92  -16.817
0.95  -17.073
0.98  -17.29
