0.30  -21.005
0.31  -21.005
0.32  -21.005
0.33  -21.005
0.34  -21.005
0.35  -21.005
0.36  -21.005
0.37  -21.005
0.38  -21.005
0.39  -21.005
0.40  -21.005
0.41  -21.005
0.42  -21.005
0.43  -21.005
0.44  -21.005
0.45  -21.005
0.46  -21.005
0.47  -21.005
0.48  -21.005
0.49  -21.005
0.50  -21.005
0.53  -21.005
0.56  -21.005
0.59  -21.005
0.62  -21.005
0.65  -21.005
0.68  -21.005
0.71  -21.005
0.74  -21.005
0.77  -21.005
0.80  -21.005
0.83  -21.005
0.86  -21.005
0.89  -21.005
0.92  -21.005
0.95  -21.005
0.98  -21.005
