0.30  -5.3936
0.31  -5.8404
0.32  -6.2489
0.33  -6.6192
0.34  -6.9511
0.35  -7.2448
0.36  -7.5002
0.37  -7.7172
0.38  -7.896
0.39  -8.0365
0.40  -8.1387
0.41  -8.2026
0.42  -8.2282
0.43  -8.2155
0.44  -8.1645
0.45  -8.0752
0.46  -7.9476
0.47  -7.7818
0.48  -7.5776
0.49  -7.3351
0.50  -7.0544
0.53  -7.3461
0.56  -8.311
0.59  -8.9312
0.62  -9.2068
0.65  -9.1377
0.68  -8.7239
0.71  -7.9655
0.74  -6.8625
0.77  -5.495
0.80  -6.8331
0.83  -7.8265
0.86  -8.4753
0.89  -8.7794
0.92  -8.7389
0.95  -8.3537
0.98  -7.6239
